|              |     Returns |      Vol_20 |   Distance_SMA |   Momentum |        VIX |   Yield_Spread |
|:-------------|------------:|------------:|---------------:|-----------:|-----------:|---------------:|
| Returns      |  1          |  0.00806639 |       0.123772 |  0.308794  | -0.123575  |     -0.0144467 |
| Vol_20       |  0.00806639 |  1          |      -0.557707 | -0.106418  |  0.799452  |     -0.01384   |
| Distance_SMA |  0.123772   | -0.557707   |       1        |  0.381187  | -0.531995  |     -0.115629  |
| Momentum     |  0.308794   | -0.106418   |       0.381187 |  1         | -0.28455   |     -0.0564998 |
| VIX          | -0.123575   |  0.799452   |      -0.531995 | -0.28455   |  1         |      0.0747425 |
| Yield_Spread | -0.0144467  | -0.01384    |      -0.115629 | -0.0564998 |  0.0747425 |      1         |