|              |     Returns |      Vol_20 |   Distance_SMA |   Momentum |        VIX |   Yield_Spread |
|:-------------|------------:|------------:|---------------:|-----------:|-----------:|---------------:|
| Returns      |  1          |  0.00806616 |       0.123772 |  0.308794  | -0.123576  |     -0.0144467 |
| Vol_20       |  0.00806616 |  1          |      -0.557708 | -0.106419  |  0.799451  |     -0.0138388 |
| Distance_SMA |  0.123772   | -0.557708   |       1        |  0.381187  | -0.531995  |     -0.115629  |
| Momentum     |  0.308794   | -0.106419   |       0.381187 |  1         | -0.28455   |     -0.0564999 |
| VIX          | -0.123576   |  0.799451   |      -0.531995 | -0.28455   |  1         |      0.0747425 |
| Yield_Spread | -0.0144467  | -0.0138388  |      -0.115629 | -0.0564999 |  0.0747425 |      1         |