|              |     Returns |      Vol_20 |   Distance_SMA |   Momentum |        VIX |   Yield_Spread |
|:-------------|------------:|------------:|---------------:|-----------:|-----------:|---------------:|
| Returns      |  1          |  0.00837522 |       0.1236   |  0.308907  | -0.123453  |     -0.0146458 |
| Vol_20       |  0.00837522 |  1          |      -0.557781 | -0.105889  |  0.799356  |     -0.0141959 |
| Distance_SMA |  0.1236     | -0.557781   |       1        |  0.380852  | -0.532042  |     -0.115415  |
| Momentum     |  0.308907   | -0.105889   |       0.380852 |  1         | -0.284382  |     -0.0568001 |
| VIX          | -0.123453   |  0.799356   |      -0.532042 | -0.284382  |  1         |      0.0746059 |
| Yield_Spread | -0.0146458  | -0.0141959  |      -0.115415 | -0.0568001 |  0.0746059 |      1         |