|              |     Returns |      Vol_20 |   Distance_SMA |   Momentum |        VIX |   Yield_Spread |
|:-------------|------------:|------------:|---------------:|-----------:|-----------:|---------------:|
| Returns      |  1          |  0.00803026 |       0.123805 |  0.308813  | -0.123601  |     -0.0144209 |
| Vol_20       |  0.00803026 |  1          |      -0.557674 | -0.106384  |  0.799446  |     -0.0137686 |
| Distance_SMA |  0.123805   | -0.557674   |       1        |  0.38117   | -0.531974  |     -0.115692  |
| Momentum     |  0.308813   | -0.106384   |       0.38117  |  1         | -0.284532  |     -0.0565313 |
| VIX          | -0.123601   |  0.799446   |      -0.531974 | -0.284532  |  1         |      0.0747895 |
| Yield_Spread | -0.0144209  | -0.0137686  |      -0.115692 | -0.0565313 |  0.0747895 |      1         |