|              |     Returns |      Vol_20 |   Distance_SMA |   Momentum |        VIX |   Yield_Spread |
|:-------------|------------:|------------:|---------------:|-----------:|-----------:|---------------:|
| Returns      |  1          |  0.00868103 |       0.123546 |  0.309288  | -0.123432  |     -0.0148371 |
| Vol_20       |  0.00868103 |  1          |      -0.557732 | -0.105101  |  0.799233  |     -0.0143831 |
| Distance_SMA |  0.123546   | -0.557732   |       1        |  0.38043   | -0.532035  |     -0.115408  |
| Momentum     |  0.309288   | -0.105101   |       0.38043  |  1         | -0.284165  |     -0.0572242 |
| VIX          | -0.123432   |  0.799233   |      -0.532035 | -0.284165  |  1         |      0.0746153 |
| Yield_Spread | -0.0148371  | -0.0143831  |      -0.115408 | -0.0572242 |  0.0746153 |      1         |