|              |     Returns |      Vol_20 |   Distance_SMA |   Momentum |        VIX |   Yield_Spread |
|:-------------|------------:|------------:|---------------:|-----------:|-----------:|---------------:|
| Returns      |  1          |  0.00886476 |       0.123564 |  0.30946   | -0.12346   |     -0.0149754 |
| Vol_20       |  0.00886476 |  1          |      -0.557625 | -0.104353  |  0.799047  |     -0.0146006 |
| Distance_SMA |  0.123564   | -0.557625   |       1        |  0.380207  | -0.532036  |     -0.115416  |
| Momentum     |  0.30946    | -0.104353   |       0.380207 |  1         | -0.284095  |     -0.0576715 |
| VIX          | -0.12346    |  0.799047   |      -0.532036 | -0.284095  |  1         |      0.0746554 |
| Yield_Spread | -0.0149754  | -0.0146006  |      -0.115416 | -0.0576715 |  0.0746554 |      1         |