|              |     Returns |      Vol_20 |   Distance_SMA |   Momentum |        VIX |   Yield_Spread |
|:-------------|------------:|------------:|---------------:|-----------:|-----------:|---------------:|
| Returns      |  1          |  0.00585819 |       0.123627 |  0.306922  | -0.124543  |     -0.0166939 |
| Vol_20       |  0.00585819 |  1          |      -0.565457 | -0.116118  |  0.802366  |     -0.0246995 |
| Distance_SMA |  0.123627   | -0.565457   |       1        |  0.37982   | -0.533485  |     -0.140648  |
| Momentum     |  0.306922   | -0.116118   |       0.37982  |  1         | -0.287298  |     -0.0645433 |
| VIX          | -0.124543   |  0.802366   |      -0.533485 | -0.287298  |  1         |      0.0740971 |
| Yield_Spread | -0.0166939  | -0.0246995  |      -0.140648 | -0.0645433 |  0.0740971 |      1         |