|              |     Returns |      Vol_20 |   Distance_SMA |   Momentum |        VIX |   Yield_Spread |
|:-------------|------------:|------------:|---------------:|-----------:|-----------:|---------------:|
| Returns      |  1          |  0.00854034 |       0.123563 |  0.309053  | -0.123424  |     -0.0147358 |
| Vol_20       |  0.00854034 |  1          |      -0.55776  | -0.105477  |  0.799295  |     -0.0143014 |
| Distance_SMA |  0.123563   | -0.55776    |       1        |  0.380617  | -0.532037  |     -0.115415  |
| Momentum     |  0.309053   | -0.105477   |       0.380617 |  1         | -0.284252  |     -0.0570187 |
| VIX          | -0.123424   |  0.799295   |      -0.532037 | -0.284252  |  1         |      0.0746067 |
| Yield_Spread | -0.0147358  | -0.0143014  |      -0.115415 | -0.0570187 |  0.0746067 |      1         |