|              |     Returns |      Vol_20 |   Distance_SMA |   Momentum |        VIX |   Yield_Spread |
|:-------------|------------:|------------:|---------------:|-----------:|-----------:|---------------:|
| Returns      |  1          |  0.00840712 |       0.123589 |  0.308999  | -0.123454  |     -0.014668  |
| Vol_20       |  0.00840712 |  1          |      -0.557774 | -0.106072  |  0.7994    |     -0.0141261 |
| Distance_SMA |  0.123589   | -0.557774   |       1        |  0.38097   | -0.532048  |     -0.115447  |
| Momentum     |  0.308999   | -0.106072   |       0.38097  |  1         | -0.284415  |     -0.0566953 |
| VIX          | -0.123454   |  0.7994     |      -0.532048 | -0.284415  |  1         |      0.0746061 |
| Yield_Spread | -0.014668   | -0.0141261  |      -0.115447 | -0.0566953 |  0.0746061 |      1         |