|              |     Returns |      Vol_20 |   Distance_SMA |   Momentum |        VIX |   Yield_Spread |
|:-------------|------------:|------------:|---------------:|-----------:|-----------:|---------------:|
| Returns      |  1          |  0.00809367 |       0.123742 |  0.308804  | -0.123548  |     -0.0144672 |
| Vol_20       |  0.00809367 |  1          |      -0.557766 | -0.106339  |  0.799475  |     -0.0139671 |
| Distance_SMA |  0.123742   | -0.557766   |       1        |  0.381104  | -0.532047  |     -0.115511  |
| Momentum     |  0.308804   | -0.106339   |       0.381104 |  1         | -0.284477  |     -0.0565483 |
| VIX          | -0.123548   |  0.799475   |      -0.532047 | -0.284477  |  1         |      0.0746274 |
| Yield_Spread | -0.0144672  | -0.0139671  |      -0.115511 | -0.0565483 |  0.0746274 |      1         |