|              |     Returns |      Vol_20 |   Distance_SMA |   Momentum |        VIX |   Yield_Spread |
|:-------------|------------:|------------:|---------------:|-----------:|-----------:|---------------:|
| Returns      |  1          |  0.00854081 |       0.123563 |  0.309053  | -0.123424  |     -0.0147358 |
| Vol_20       |  0.00854081 |  1          |      -0.557758 | -0.105475  |  0.799294  |     -0.0143005 |
| Distance_SMA |  0.123563   | -0.557758   |       1        |  0.380617  | -0.532037  |     -0.115415  |
| Momentum     |  0.309053   | -0.105475   |       0.380617 |  1         | -0.284252  |     -0.0570186 |
| VIX          | -0.123424   |  0.799294   |      -0.532037 | -0.284252  |  1         |      0.0746067 |
| Yield_Spread | -0.0147358  | -0.0143005  |      -0.115415 | -0.0570186 |  0.0746067 |      1         |